000000000000000101000010000100100
000000000000000101000010000100101
000000000000000101000010000100011
000000000000000101000010000100110
000000000000000101000010000101000
000000000000000101000010000101111
000000000000000101000010000101110
000000000000000101000010000111000
111111111111111011100001110111100
111111111111111011100001110111110
111111111111111011100001110110100
111111111111111011100001110110110
111111111111111011100001110111010
111111111111111011100001110111111
111111111111111011100001110111100
111111111111111011100001111000001
111111111111111011100110110100111
111111111111111011100110110100101
111111111111111011100110110011010
111111111111111011100110110100100
111111111111111011100110110101010
111111111111111011100110110101110
111111111111111011100110110110100
111111111111111011100110110110001
111111111111111011101110111110010
111111111111111011101110111111010
111111111111111011101110111111110
111111111111111011101110111110101
111111111111111011101110111110010
111111111111111011101110111110001
111111111111111011101110111101111
111111111111111011101110111101100
111111111111111110011001000000111
111111111111111110011001000000001
111111111111111110011000111111100
111111111111111110011000111110100
111111111111111110011001000000001
111111111111111110011001000000010
111111111111111110011001000000010
111111111111111110011001000000011
000000000000000101000100001111111
000000000000000101000100010000001
000000000000000101000100010000000
000000000000000101000100001110111
000000000000000101000100001111111
000000000000000101000100001111001
000000000000000101000100001111100
000000000000000101000100001110110
111111111111110110110100111111111
111111111111110110110100111111100
111111111111110110110101000000110
111111111111110110110101000000110
111111111111110110110101000001011
111111111111110110110101000001101
111111111111110110110101000000010
111111111111110110110101000000100
111111111111111101011000011111100
111111111111111101011000011111000
111111111111111101011000011111110
111111111111111101011000100000110
111111111111111101011000011111010
111111111111111101011000011111110
111111111111111101011000100000011
111111111111111101011000011111010
000000000000000001001111110110010
000000000000000001001111110111101
000000000000000001001111110111110
000000000000000001001111110111010
000000000000000001001111110110100
000000000000000001001111110110110
000000000000000001001111110110101
000000000000000001001111110110000
111111111111110110111011001110000
111111111111110110111011001110001
111111111111110110111011001111001
111111111111110110111011001110100
111111111111110110111011001111001
111111111111110110111011010000001
111111111111110110111011001111010
111111111111110110111011001110101
000000000000000010110010111110101
000000000000000010110010111110010
000000000000000010110010111101110
000000000000000010110010111100010
000000000000000010110010111100101
000000000000000010110010111101010
000000000000000010110010111100001
000000000000000010110010111100011
000000000000000010101101100000001
000000000000000010101101011111100
000000000000000010101101011111110
000000000000000010101101011111100
000000000000000010101101011111110
000000000000000010101101011111111
000000000000000010101101011111000
000000000000000010101101011111011
111111111111111011001000110101001
111111111111111011001000110011111
111111111111111011001000110011110
111111111111111011001000110100101
111111111111111011001000110011110
111111111111111011001000110100000
111111111111111011001000110100000
111111111111111011001000110100010
000000000000000101110100010000000
000000000000000101110100010000110
000000000000000101110100010001101
000000000000000101110100001111111
000000000000000101110100010001011
000000000000000101110100010000001
000000000000000101110100010000101
000000000000000101110100010000001
000000000000000010101111111101101
000000000000000010101111111100101
000000000000000010101111111100000
000000000000000010101111111101101
000000000000000010101111111100111
000000000000000010101111111100100
000000000000000010101111111101111
000000000000000010101111111101100
000000000000000000110011010001110
000000000000000000110011010001001
000000000000000000110011010001110
000000000000000000110011010001101
000000000000000000110011010001110
000000000000000000110011010001111
000000000000000000110011010010010
000000000000000000110011010000110
111111111111110111011001110110110
111111111111110111011001110110110
111111111111110111011001111000010
111111111111110111011001110111101
111111111111110111011001110110101
111111111111110111011001110111111
111111111111110111011001110111010
111111111111110111011001110110011
000000000000001000110100010111011
000000000000001000110100011001010
000000000000001000110100011001101
000000000000001000110100011000111
000000000000001000110100011001100
000000000000001000110100010111110
000000000000001000110100010110111
000000000000001000110100011000000
111111111111110111100100101111011
111111111111110111100100101110010
111111111111110111100100101101101
111111111111110111100100101100110
111111111111110111100100101101010
111111111111110111100100101110010
111111111111110111100100101101101
111111111111110111100100101101010
111111111111111001100011000001001
111111111111111001100011000000111
111111111111111001100011000000011
111111111111111001100010111111111
111111111111111001100011000000010
111111111111111001100011000000011
111111111111111001100011000001101
111111111111111001100010111111010
111111111111111011110111011010011
111111111111111011110111011010000
111111111111111011110111011000110
111111111111111011110111011000111
111111111111111011110111011001001
111111111111111011110111011001001
111111111111111011110111011010000
111111111111111011110111011010000
111111111111111111110010100000001
111111111111111111110010011110000
111111111111111111110010011110111
111111111111111111110010011110111
111111111111111111110010011101011
111111111111111111110010011101101
111111111111111111110010011101010
111111111111111111110010011110000
000000000000000010011001010001000
000000000000000010011001010001000
000000000000000010011001010001101
000000000000000010011001010001000
000000000000000010011001010010111
000000000000000010011001010000110
000000000000000010011001010000011
000000000000000010011001010000101
111111111111111101001111111111010
111111111111111101001111111110000
111111111111111101001111111101010
111111111111111101001111111110011
111111111111111101001111111101111
111111111111111101001111111110100
111111111111111101001111111111010
111111111111111101001111111111001
111111111111111110001111000100011
111111111111111110001111000100101
111111111111111110001111000100101
111111111111111110001111000101110
111111111111111110001111000101110
111111111111111110001111000110000
111111111111111110001111000111000
111111111111111110001111000110000
000000000000001000101010100010110
000000000000001000101010100010000
000000000000001000101010100010111
000000000000001000101010100001111
000000000000001000101010100011010
000000000000001000101010100011010
000000000000001000101010100010100
000000000000001000101010100010000
111111111111111001110001000001100
111111111111111001110001000000111
111111111111111001110001000001000
111111111111111001110001000001001
111111111111111001110001000000101
111111111111111001110001000010000
111111111111111001110001000010111
111111111111111001110001000001101
000000000000000011101100111100110
000000000000000011101100111101000
000000000000000011101100111100000
000000000000000011101100111100110
000000000000000011101100111010100
000000000000000011101100111100111
000000000000000011101100111101000
000000000000000011101100111011111
111111111111110111111010100001001
111111111111110111111010100000001
111111111111110111111010100000110
111111111111110111111010100000010
111111111111110111111010100000001
111111111111110111111010100000100
111111111111110111111010100000101
111111111111110111111010011111010
111111111111110111001110010100100
111111111111110111001110010101011
111111111111110111001110010011101
111111111111110111001110010011111
111111111111110111001110010011010
111111111111110111001110010011100
111111111111110111001110010100010
111111111111110111001110010011000
000000000000000111000010101100011
000000000000000111000010101011110
000000000000000111000010101100110
000000000000000111000010101100010
000000000000000111000010101100101
000000000000000111000010101011010
000000000000000111000010101011010
000000000000000111000010101011101
111111111111110111111001100100011
111111111111110111111001100011001
111111111111110111111001100100111
111111111111110111111001100101000
111111111111110111111001100100010
111111111111110111111001100101111
111111111111110111111001100100110
111111111111110111111001100101000
111111111111111001011000000101111
111111111111111001011000000011111
111111111111111001011000000011110
111111111111111001011000000100101
111111111111111001011000000011111
111111111111111001011000000101000
111111111111111001011000000101110
111111111111111001011000000101101
111111111111111000000111111101000
111111111111111000000111111011011
111111111111111000000111111011111
111111111111111000000111111011011
111111111111111000000111111011111
111111111111111000000111111011111
111111111111111000000111111011011
111111111111111000000111111011000
111111111111111110010110111011011
111111111111111110010110111100011
111111111111111110010110111011001
111111111111111110010110111010110
111111111111111110010110111010110
111111111111111110010110111011100
111111111111111110010110111010111
111111111111111110010110111011101
000000000000000100101100101001000
000000000000000100101100100111100
000000000000000100101100100111111
000000000000000100101100101000111
000000000000000100101100101001110
000000000000000100101100100111011
000000000000000100101100100111101
000000000000000100101100101000101
000000000000000100011100110100000
000000000000000100011100110011100
000000000000000100011100110011101
000000000000000100011100110010000
000000000000000100011100110011011
000000000000000100011100110010101
000000000000000100011100110010100
000000000000000100011100110010100
000000000000000101010001000000110
000000000000000101010001000010101
000000000000000101010001000010010
000000000000000101010001000010101
000000000000000101010001000010010
000000000000000101010001000010111
000000000000000101010001000010110
000000000000000101010001000010001
111111111111110111011000011011001
111111111111110111011000011011010
111111111111110111011000011011100
111111111111110111011000011101001
111111111111110111011000011101110
111111111111110111011000011100011
111111111111110111011000011101001
111111111111110111011000011101010
000000000000000011001100111110101
000000000000000011001100111110000
000000000000000011001100111110000
000000000000000011001100111110000
000000000000000011001100111101001
000000000000000011001100111101000
000000000000000011001100111100100
000000000000000011001100111100111
000000000000000011000101010010001
000000000000000011000101010010100
000000000000000011000101010011011
000000000000000011000101010011011
000000000000000011000101010011100
000000000000000011000101010010110
000000000000000011000101010010010
000000000000000011000101010011001
111111111111111000001011010110010
111111111111111000001011010111000
111111111111111000001011010110101
111111111111111000001011010110011
111111111111111000001011010101110
111111111111111000001011010101111
111111111111111000001011010110100
111111111111111000001011010100111
111111111111110111110010110001010
111111111111110111110010110000010
111111111111110111110010110000101
111111111111110111110010101111110
111111111111110111110010110000101
111111111111110111110010110000110
111111111111110111110010110000011
111111111111110111110010110000000
000000000000000010111111110110011
000000000000000010111111110101110
000000000000000010111111110100100
000000000000000010111111110110101
000000000000000010111111110100110
000000000000000010111111110110000
000000000000000010111111110110101
000000000000000010111111110110101
000000000000000101011000101111110
000000000000000101011000110000011
000000000000000101011000110000001
000000000000000101011000110001001
000000000000000101011000110000100
000000000000000101011000101111100
000000000000000101011000110000000
000000000000000101011000110000000
000000000000000010010100101001000
000000000000000010010100101001001
000000000000000010010100101000101
000000000000000010010100101000101
000000000000000010010100101010011
000000000000000010010100101010011
000000000000000010010100101010011
000000000000000010010100101010100
111111111111111100111101001101000
111111111111111100111101001100100
111111111111111100111101001101000
111111111111111100111101001011111
111111111111111100111101001100010
111111111111111100111101001100100
111111111111111100111101001011101
111111111111111100111101001100000
111111111111111100100001010101110
111111111111111100100001010110101
111111111111111100100001010101001
111111111111111100100001010101001
111111111111111100100001010101000
111111111111111100100001010011111
111111111111111100100001010100110
111111111111111100100001010101011
000000000000000011111110100111111
000000000000000011111110100110110
000000000000000011111110101000100
000000000000000011111110101000011
000000000000000011111110100111101
000000000000000011111110100111100
000000000000000011111110100111010
000000000000000011111110100110111
111111111111111110000000101101101
111111111111111110000000101101011
111111111111111110000000101100101
111111111111111110000000101101111
111111111111111110000000101101001
111111111111111110000000101100001
111111111111111110000000101100110
111111111111111110000000101110101
111111111111111110101001010011000
111111111111111110101001010011101
111111111111111110101001010100110
111111111111111110101001010101111
111111111111111110101001010101010
111111111111111110101001010100100
111111111111111110101001010101001
111111111111111110101001010100101
000000000000000001111010011011010
000000000000000001111010011011000
000000000000000001111010011011000
000000000000000001111010011011000
000000000000000001111010011010110
000000000000000001111010011011100
000000000000000001111010011011100
000000000000000001111010011011000
000000000000001000110110101000100
000000000000001000110110101001111
000000000000001000110110101001010
000000000000001000110110101001100
000000000000001000110110100111110
000000000000001000110110101000011
000000000000001000110110101001011
000000000000001000110110101000111
111111111111111000110010101111011
111111111111111000110010110000111
111111111111111000110010101111110
111111111111111000110010110001010
111111111111111000110010110001001
111111111111111000110010110000011
111111111111111000110010110010001
111111111111111000110010110001001
000000000000000111000101010000010
000000000000000111000101001110111
000000000000000111000101001111101
000000000000000111000101010000011
000000000000000111000101010001110
000000000000000111000101010000000
000000000000000111000101010000010
000000000000000111000101010000110
000000000000000011001010110000011
000000000000000011001010110000010
000000000000000011001010110000111
000000000000000011001010101111110
000000000000000011001010110000011
000000000000000011001010110001100
000000000000000011001010110000111
000000000000000011001010110000011
000000000000000110001000111111101
000000000000000110001000111110110
000000000000000110001000111111000
000000000000000110001000111111101
000000000000000110001000111101100
000000000000000110001000111110100
000000000000000110001000111110101
000000000000000110001001000000010
111111111111111010111111100100000
111111111111111010111111100001011
111111111111111010111111100010010
111111111111111010111111100011010
111111111111111010111111100010101
111111111111111010111111100011100
111111111111111010111111100011100
111111111111111010111111100011010
111111111111111100101010100101000
111111111111111100101010100100100
111111111111111100101010100011010
111111111111111100101010100100010
111111111111111100101010100100010
111111111111111100101010100101100
111111111111111100101010100101001
111111111111111100101010100101111
111111111111111110101110011100011
111111111111111110101110011010100
111111111111111110101110011100010
111111111111111110101110011011001
111111111111111110101110011100011
111111111111111110101110011100001
111111111111111110101110011011010
111111111111111110101110011100001
000000000000000100100110111100010
000000000000000100100110111100101
000000000000000100100110111101011
000000000000000100100110111101000
000000000000000100100110111110010
000000000000000100100110111110011
000000000000000100100110111101100
000000000000000100100110111101000
000000000000000010110110011101101
000000000000000010110110011100011
000000000000000010110110011101000
000000000000000010110110011011001
000000000000000010110110011011010
000000000000000010110110011011010
000000000000000010110110011010010
000000000000000010110110011011011
111111111111111001001011111010111
111111111111111001001011111010101
111111111111111001001011111001100
111111111111111001001011111010001
111111111111111001001011111010101
111111111111111001001011111010010
111111111111111001001011111001101
111111111111111001001011111011111
000000000000000011101000111111001
000000000000000011101000111111111
000000000000000011101000111111100
000000000000000011101000111111111
000000000000000011101000111111100
000000000000000011101000111110110
000000000000000011101000111110100
000000000000000011101001000000100
000000000000000110000000110110100
000000000000000110000000110110001
000000000000000110000000111000001
000000000000000110000000110110110
000000000000000110000000110111100
000000000000000110000000110111010
000000000000000110000000110101100
000000000000000110000000110110001
000000000000000101101000101001001
000000000000000101101000101000111
000000000000000101101000101000101
000000000000000101101000101001110
000000000000000101101000101001001
000000000000000101101000101010100
000000000000000101101000101010100
000000000000000101101000101011001
111111111111111111101011001010101
111111111111111111101011001011010
111111111111111111101011001011000
111111111111111111101011001011001
111111111111111111101011001011110
111111111111111111101011001100011
111111111111111111101011001100011
111111111111111111101011001100001
000000000000000110111100100010010
000000000000000110111100100010110
000000000000000110111100100100001
000000000000000110111100100011100
000000000000000110111100100010110
000000000000000110111100100011101
000000000000000110111100100011101
000000000000000110111100100010001
111111111111111110001000110111110
111111111111111110001000111000000
111111111111111110001000110111101
111111111111111110001000110111111
111111111111111110001000110111111
111111111111111110001000110110001
111111111111111110001000110110101
111111111111111110001000110110101
000000000000000011001001100011101
000000000000000011001001100011000
000000000000000011001001100100000
000000000000000011001001100010101
000000000000000011001001100100010
000000000000000011001001100100001
000000000000000011001001100010010
000000000000000011001001100011100
111111111111111011000010011000100
111111111111111011000010010111001
111111111111111011000010010110111
111111111111111011000010010111110
111111111111111011000010010110000
111111111111111011000010011000010
111111111111111011000010011000000
111111111111111011000010011000010
111111111111111111110111000001011
111111111111111111110111000010000
111111111111111111110111000010110
111111111111111111110111000011001
111111111111111111110111000011100
111111111111111111110111000010001
111111111111111111110111000010110
111111111111111111110111000010101
000000000000000111100100101001110
000000000000000111100100101011100
000000000000000111100100101010011
000000000000000111100100101010100
000000000000000111100100101011010
000000000000000111100100101010001
000000000000000111100100101001100
000000000000000111100100101010110
111111111111111010100101010100000
111111111111111010100101010011010
111111111111111010100101010101000
111111111111111010100101010101001
111111111111111010100101010101000
111111111111111010100101010100100
111111111111111010100101010100000
111111111111111010100101010100010
111111111111111111101000011100110
111111111111111111101000011100010
111111111111111111101000011101000
111111111111111111101000011100001
111111111111111111101000011010111
111111111111111111101000011100101
111111111111111111101000011100100
111111111111111111101000011010111
111111111111111010111101101101010
111111111111111010111101101110000
111111111111111010111101101101100
111111111111111010111101101100101
111111111111111010111101101101011
111111111111111010111101101100101
111111111111111010111101101101010
111111111111111010111101101101010
111111111111111111011101010000010
111111111111111111011101001111110
111111111111111111011101010000111
111111111111111111011101010000110
111111111111111111011101010000011
111111111111111111011101010001010
111111111111111111011101010001101
111111111111111111011101010001100
000000000000001000110010111011010
000000000000001000110010111010100
000000000000001000110010111001110
000000000000001000110010111001101
000000000000001000110010111010101
000000000000001000110010111010101
000000000000001000110010111010101
000000000000001000110010111010001
111111111111111100001100011010000
111111111111111100001100011010010
111111111111111100001100011010011
111111111111111100001100011010001
111111111111111100001100011011001
111111111111111100001100011001111
111111111111111100001100011010001
111111111111111100001100011010101
000000000000000110001100101100011
000000000000000110001100101100100
000000000000000110001100101100100
000000000000000110001100101100100
000000000000000110001100101100001
000000000000000110001100101101001
000000000000000110001100101100101
000000000000000110001100101101011
111111111111110111110111010111101
111111111111110111110111010111011
111111111111110111110111010111010
111111111111110111110111011000010
111111111111110111110111011000000
111111111111110111110111011001000
111111111111110111110111011001111
111111111111110111110111011000010
000000000000001001010001100001101
000000000000001001010001100001110
000000000000001001010001100000111
000000000000001001010001100001011
000000000000001001010001100001011
000000000000001001010001100001111
000000000000001001010001100001010
000000000000001001010001100010000
111111111111111000000110011110011
111111111111111000000110011110111
111111111111111000000110011101110
111111111111111000000110011101110
111111111111111000000110011110100
111111111111111000000110011101000
111111111111111000000110011101001
111111111111111000000110011110110
111111111111111110000001111001111
111111111111111110000001111001010
111111111111111110000001111000000
111111111111111110000001111001000
111111111111111110000001111000001
111111111111111110000001110111100
111111111111111110000001111000111
111111111111111110000001111001001
000000000000000010001010011110011
000000000000000010001010011111011
000000000000000010001010011111011
000000000000000010001010011110111
000000000000000010001010011111001
000000000000000010001010011110111
000000000000000010001010011110110
000000000000000010001010011110010
111111111111111000101100000011110
111111111111111000101100000011111
111111111111111000101100000011100
111111111111111000101100000100001
111111111111111000101100000010100
111111111111111000101100000011011
111111111111111000101100000011011
111111111111111000101100000010110
000000000000000111001111100111010
000000000000000111001111100110111
000000000000000111001111100101101
000000000000000111001111100110100
000000000000000111001111100110111
000000000000000111001111100110000
000000000000000111001111100110101
000000000000000111001111100110000
000000000000000101011111001111111
000000000000000101011111010000100
000000000000000101011111010001000
000000000000000101011111010000100
000000000000000101011111001111110
000000000000000101011111010000000
000000000000000101011111001111110
000000000000000101011111010000011
111111111111111010011001100110101
111111111111111010011001100110100
111111111111111010011001100110110
111111111111111010011001100110011
111111111111111010011001100111000
111111111111111010011001101000111
111111111111111010011001100111111
111111111111111010011001100111110
000000000000001000011111000011110
000000000000001000011111000100100
000000000000001000011111000100110
000000000000001000011111000010101
000000000000001000011111000100100
000000000000001000011111000100010
000000000000001000011111000100011
000000000000001000011111000011011
111111111111111110111010011011010
111111111111111110111010011100100
111111111111111110111010011100011
111111111111111110111010011100011
111111111111111110111010011100000
111111111111111110111010011100101
111111111111111110111010011100100
111111111111111110111010011011111
111111111111111110000010110111110
111111111111111110000010111000010
111111111111111110000010111000010
111111111111111110000010111001001
111111111111111110000010111010001
111111111111111110000010111001000
111111111111111110000010111000010
111111111111111110000010111001011
000000000000000001000101010011111
000000000000000001000101010100110
000000000000000001000101010101000
000000000000000001000101010110000
000000000000000001000101010110010
000000000000000001000101010101111
000000000000000001000101010111000
000000000000000001000101010110101
000000000000000110010010111010101
000000000000000110010010111011001
000000000000000110010010111011011
000000000000000110010010111011001
000000000000000110010010111010101
000000000000000110010010111010101
000000000000000110010010111001100
000000000000000110010010111010111
000000000000001000000000100110011
000000000000001000000000100111101
000000000000001000000000100110011
000000000000001000000000100111000
000000000000001000000000100111000
000000000000001000000000100110011
000000000000001000000000100110101
000000000000001000000000100111011
000000000000000101110110111111101
000000000000000101110111000000111
000000000000000101110111000000011
000000000000000101110111000000011
000000000000000101110111000000001
000000000000000101110110111111011
000000000000000101110111000001010
000000000000000101110110111110101
111111111111111000000000111100111
111111111111111000000000111110011
111111111111111000000000111110000
111111111111111000000000111110111
111111111111111000000001000000000
111111111111111000000000111101110
111111111111111000000000111110110
111111111111111000000000111110100
111111111111110111000100110101000
111111111111110111000100110110010
111111111111110111000100110101001
111111111111110111000100110101000
111111111111110111000100110101101
111111111111110111000100110100011
111111111111110111000100110100110
111111111111110111000100110101100
000000000000001001001101000000100
000000000000001001001101000001000
000000000000001001001101000000001
000000000000001001001101000001100
000000000000001001001101000001011
000000000000001001001101000000010
000000000000001001001101000001000
000000000000001001001101000001111
111111111111111000100111100111100
111111111111111000100111100111001
111111111111111000100111100111111
111111111111111000100111101000000
111111111111111000100111100111001
111111111111111000100111101000001
111111111111111000100111100111010
111111111111111000100111100111100
000000000000000000111110100110010
000000000000000000111110100101110
000000000000000000111110100101110
000000000000000000111110100101010
000000000000000000111110100101000
000000000000000000111110100101101
000000000000000000111110100110010
000000000000000000111110100100111
111111111111111001001110011001101
111111111111111001001110011000111
111111111111111001001110011011011
111111111111111001001110011011011
111111111111111001001110011010000
111111111111111001001110011011000
111111111111111001001110011011000
111111111111111001001110011001010
000000000000000010110100101101101
000000000000000010110100101100111
000000000000000010110100101101011
000000000000000010110100101101111
000000000000000010110100101110001
000000000000000010110100101101011
000000000000000010110100101101010
000000000000000010110100101101011
000000000000000010000001111101110
000000000000000010000001111101011
000000000000000010000001111100011
000000000000000010000001111101101
000000000000000010000001111101000
000000000000000010000001111100110
000000000000000010000001111100111
000000000000000010000001111100101
111111111111111001011000100101011
111111111111111001011000100101011
111111111111111001011000100101010
111111111111111001011000100100001
111111111111111001011000100101000
111111111111111001011000100101010
111111111111111001011000100011011
111111111111111001011000100100100
111111111111111110000001010011111
111111111111111110000001010101010
111111111111111110000001010011111
111111111111111110000001010011111
111111111111111110000001010100111
111111111111111110000001010100101
111111111111111110000001010011111
111111111111111110000001010101010
111111111111110111010000100110111
111111111111110111010000100111100
111111111111110111010000100111000
111111111111110111010000100110111
111111111111110111010000100110001
111111111111110111010000100100111
111111111111110111010000100101100
111111111111110111010000100101101
111111111111110111010000000000110
111111111111110111010000000001000
111111111111110111010000000001001
111111111111110111010000000010000
111111111111110111010000000010000
111111111111110111001111111111110
111111111111110111010000000000111
111111111111110111010000000001001
111111111111110111000110100101111
111111111111110111000110100110000
111111111111110111000110100111110
111111111111110111000110100111001
111111111111110111000110100110010
111111111111110111000110101000100
111111111111110111000110100110111
111111111111110111000110100101111
000000000000000101011010101110101
000000000000000101011010101101011
000000000000000101011010101100000
000000000000000101011010101100110
000000000000000101011010101011101
000000000000000101011010101101000
000000000000000101011010101101110
000000000000000101011010101101101
000000000000000010010010011011101
000000000000000010010010011011000
000000000000000010010010011010001
000000000000000010010010011010000
000000000000000010010010011010101
000000000000000010010010011100110
000000000000000010010010011011101
000000000000000010010010011100111
111111111111111111100010100000100
111111111111111111100010011111001
111111111111111111100010011111011
111111111111111111100010100001001
111111111111111111100010011110100
111111111111111111100010011111100
111111111111111111100010100000010
111111111111111111100010100000001
111111111111111011000100000110111
111111111111111011000100000111010
111111111111111011000100000110101
111111111111111011000100000101101
111111111111111011000100000101100
111111111111111011000100000100101
111111111111111011000100000100101
111111111111111011000100000100100
000000000000000111111111110100101
000000000000000111111111110100110
000000000000000111111111110101010
000000000000000111111111110110010
000000000000000111111111110110011
000000000000000111111111110110000
000000000000000111111111110110010
000000000000000111111111110110000
111111111111110111101100000001110
111111111111110111101100000001011
111111111111110111101100000001000
111111111111110111101100000001100
111111111111110111101100000001010
111111111111110111101100000000111
111111111111110111101100000010100
111111111111110111101100000001011
000000000000000100111110011101101
000000000000000100111110011100011
000000000000000100111110011101001
000000000000000100111110011101101
000000000000000100111110011101110
000000000000000100111110011100100
000000000000000100111110011101000
000000000000000100111110011100111
111111111111111101100001100010100
111111111111111101100001100010100
111111111111111101100001100011010
111111111111111101100001100011000
111111111111111101100001100011110
111111111111111101100001100010010
111111111111111101100001100010100
111111111111111101100001100011000
111111111111111011110110111010011
111111111111111011110110111000110
111111111111111011110110111000001
111111111111111011110110111000111
111111111111111011110110110111111
111111111111111011110110111001001
111111111111111011110110111001101
111111111111111011110110111001001
111111111111111110001100011110001
111111111111111110001100011110111
111111111111111110001100011110011
111111111111111110001100011111011
111111111111111110001100011110111
111111111111111110001100100000011
111111111111111110001100100000100
111111111111111110001100100001001
000000000000000000111110100111010
000000000000000000111110100111100
000000000000000000111110100110011
000000000000000000111110100110000
000000000000000000111110100110010
000000000000000000111110100110101
000000000000000000111110100101111
000000000000000000111110100111011
000000000000001000110101110101111
000000000000001000110101110110111
000000000000001000110101110111000
000000000000001000110101110101110
000000000000001000110101110111001
000000000000001000110101110101011
000000000000001000110101110101100
000000000000001000110101110101010
111111111111111100111100101110010
111111111111111100111100101110000
111111111111111100111100101101101
111111111111111100111100101100010
111111111111111100111100101110011
111111111111111100111100101101101
111111111111111100111100101110000
111111111111111100111100101101010
000000000000001000110001000001001
000000000000001000110001000000000
000000000000001000110000111111110
000000000000001000110001000000100
000000000000001000110001000000010
000000000000001000110000111111101
000000000000001000110000111111011
000000000000001000110001000000010
111111111111111110100101000101001
111111111111111110100101000101010
111111111111111110100101000100101
111111111111111110100101000011111
111111111111111110100101000101010
111111111111111110100101000100101
111111111111111110100101000100000
111111111111111110100101000101010
111111111111111010101001011100011
111111111111111010101001011100010
111111111111111010101001011100100
111111111111111010101001011010101
111111111111111010101001011011110
111111111111111010101001011010100
111111111111111010101001011010010
111111111111111010101001011010100
000000000000000001011001101000111
000000000000000001011001101001110
000000000000000001011001101010111
000000000000000001011001101001101
000000000000000001011001101001111
000000000000000001011001101010110
000000000000000001011001101010001
000000000000000001011001101000111
000000000000000001111100010101010
000000000000000001111100010100100
000000000000000001111100010101000
000000000000000001111100010011101
000000000000000001111100010100000
000000000000000001111100010010111
000000000000000001111100010010110
000000000000000001111100010010100
111111111111111010111110110101110
111111111111111010111110110111100
111111111111111010111110110111111
111111111111111010111110110111001
111111111111111010111110111000011
111111111111111010111110110110110
111111111111111010111110110111001
111111111111111010111110110110100
111111111111110111011010010100101
111111111111110111011010010100000
111111111111110111011010010101000
111111111111110111011010010100011
111111111111110111011010010100111
111111111111110111011010010101100
111111111111110111011010010101000
111111111111110111011010010100110
000000000000000101011010111011010
000000000000000101011010111011101
000000000000000101011010111011011
000000000000000101011010111010111
000000000000000101011010111011111
000000000000000101011010111010110
000000000000000101011010111011011
000000000000000101011010111010110
111111111111111111001001101100110
111111111111111111001001101011000
111111111111111111001001101100011
111111111111111111001001101100011
111111111111111111001001101001110
111111111111111111001001101100110
111111111111111111001001101100011
111111111111111111001001101011110
111111111111111111110111111010011
111111111111111111110111111010101
111111111111111111110111111010110
111111111111111111110111111011010
111111111111111111110111111100001
111111111111111111110111111011101
111111111111111111110111111011100
111111111111111111110111111101000
000000000000000010011101101010110
000000000000000010011101101001110
000000000000000010011101101011011
000000000000000010011101101011010
000000000000000010011101101011000
000000000000000010011101101011100
000000000000000010011101101011000
000000000000000010011101101010101
111111111111110110101110111010110
111111111111110110101110111011000
111111111111110110101110111011000
111111111111110110101110111010110
111111111111110110101110111011010
111111111111110110101110111100010
111111111111110110101110111011101
111111111111110110101110111011110
000000000000000101011111101010000
000000000000000101011111101011001
000000000000000101011111101011000
000000000000000101011111101010110
000000000000000101011111101010110
000000000000000101011111101010101
000000000000000101011111101010110
000000000000000101011111101010001
111111111111111110101010100101000
111111111111111110101010100100000
111111111111111110101010100100010
111111111111111110101010100010100
111111111111111110101010100100100
111111111111111110101010100100001
111111111111111110101010100011011
111111111111111110101010100011001
000000000000000010001011100000001
000000000000000010001011011111111
000000000000000010001011100000000
000000000000000010001011100000001
000000000000000010001011100000001
000000000000000010001011011111011
000000000000000010001011011111011
000000000000000010001011011111111
111111111111110111100110001001000
111111111111110111100110001000010
111111111111110111100110001001110
111111111111110111100110001001010
111111111111110111100110001000010
111111111111110111100110001001001
111111111111110111100110001000010
111111111111110111100110001000001
000000000000000011010101001110011
000000000000000011010101001101111
000000000000000011010101001101001
000000000000000011010101001101111
000000000000000011010101001111011
000000000000000011010101001111101
000000000000000011010101010000001
000000000000000011010101010000001
000000000000000100011010001101100
000000000000000100011010001111001
000000000000000100011010001110000
000000000000000100011010001101110
000000000000000100011010001110001
000000000000000100011010001110110
000000000000000100011010001111011
000000000000000100011010001110011
000000000000000100011110001001101
000000000000000100011110001001101
000000000000000100011110001001111
000000000000000100011110001001001
000000000000000100011110001001100
000000000000000100011110001001010
000000000000000100011110001001011
000000000000000100011110001000100
111111111111111110010001010011100
111111111111111110010001010001101
111111111111111110010001010010011
111111111111111110010001010010110
111111111111111110010001010010101
111111111111111110010001010010110
111111111111111110010001010010001
111111111111111110010001010010111
111111111111111111001010001100000
111111111111111111001010001011000
111111111111111111001010001011000
111111111111111111001010001010010
111111111111111111001010001011011
111111111111111111001010001011011
111111111111111111001010001011010
111111111111111111001010001011101
000000000000000001010101110011100
000000000000000001010101110100010
000000000000000001010101110011101
000000000000000001010101110011101
000000000000000001010101110011010
000000000000000001010101110011001
000000000000000001010101110011011
000000000000000001010101110011110
000000000000000011011100001000111
000000000000000011011100001000101
000000000000000011011100000111111
000000000000000011011100000111100
000000000000000011011100001000100
000000000000000011011100001001000
000000000000000011011100001000100
000000000000000011011100001000011
000000000000000100100000011000111
000000000000000100100000011010100
000000000000000100100000011011010
000000000000000100100000011001100
000000000000000100100000011011000
000000000000000100100000011010110
000000000000000100100000011010101
000000000000000100100000011001100
000000000000000010000010100011111
000000000000000010000010100100111
000000000000000010000010100100011
000000000000000010000010100011111
000000000000000010000010100100011
000000000000000010000010100100100
000000000000000010000010100100000
000000000000000010000010100100001
000000000000000011100100110110101
000000000000000011100100110101011
000000000000000011100100110101101
000000000000000011100100110110110
000000000000000011100100110110010
000000000000000011100100110101111
000000000000000011100100110110001
000000000000000011100100110111000
111111111111110111000101001110101
111111111111110111000101001100000
111111111111110111000101001100100
111111111111110111000101001100101
111111111111110111000101001010110
111111111111110111000101001101001
111111111111110111000101001100110
111111111111110111000101001100111
000000000000000010011110011101110
000000000000000010011110011101100
000000000000000010011110011110110
000000000000000010011110011110110
000000000000000010011110011110101
000000000000000010011110011111000
000000000000000010011110011110011
000000000000000010011110011101100
111111111111111110101111011111100
111111111111111110101111100000100
111111111111111110101111100000011
111111111111111110101111100000010
111111111111111110101111100000110
111111111111111110101111100000001
111111111111111110101111011111110
111111111111111110101111100000101
111111111111111000001010110100100
111111111111111000001010110010111
111111111111111000001010110100111
111111111111111000001010110100100
111111111111111000001010110011001
111111111111111000001010110100000
111111111111111000001010110011011
111111111111111000001010110011011
000000000000000001001011010010010
000000000000000001001011010001000
000000000000000001001011001111101
000000000000000001001011010000000
000000000000000001001011001111100
000000000000000001001011010000011
000000000000000001001011001111101
000000000000000001001011010010001
111111111111111010111110101001011
111111111111111010111110101010000
111111111111111010111110101010001
111111111111111010111110101010001
111111111111111010111110101011110
111111111111111010111110101001110
111111111111111010111110101001100
111111111111111010111110101010110
111111111111111100011000100110110
111111111111111100011000100110110
111111111111111100011000100101010
111111111111111100011000100111000
111111111111111100011000100110011
111111111111111100011000100110001
111111111111111100011000100110111
111111111111111100011000101000001
111111111111111101001011100110001
111111111111111101001011100101111
111111111111111101001011100101110
111111111111111101001011100110011
111111111111111101001011100101110
111111111111111101001011100110000
111111111111111101001011100110000
111111111111111101001011100110100
000000000000000101111000000101111
000000000000000101111000000101101
000000000000000101111000000110000
000000000000000101111000000110111
000000000000000101111000000111110
000000000000000101111000000110001
000000000000000101111000000110100
000000000000000101111000000110010
000000000000001000010011101011000
000000000000001000010011101001010
000000000000001000010011101010110
000000000000001000010011101010101
000000000000001000010011101011001
000000000000001000010011101010000
000000000000001000010011101010011
000000000000001000010011101001010
111111111111111011011111111011110
111111111111111011011111111100101
111111111111111011011111111100100
111111111111111011011111111100010
111111111111111011011111111100010
111111111111111011011111111100010
111111111111111011011111111100001
111111111111111011011111111100010
000000000000000010010001011100001
000000000000000010010001011100000
000000000000000010010001011010000
000000000000000010010001011010000
000000000000000010010001011011110
000000000000000010010001011010110
000000000000000010010001011010111
000000000000000010010001011100000
000000000000000111011000011001100
000000000000000111011000011001101
000000000000000111011000011010101
000000000000000111011000011001110
000000000000000111011000011000101
000000000000000111011000011010011
000000000000000111011000011001100
000000000000000111011000011010010
111111111111111101100110110100111
111111111111111101100110110100001
111111111111111101100110110101000
111111111111111101100110110101110
111111111111111101100110110110011
111111111111111101100110110110101
111111111111111101100110110110000
111111111111111101100110110110000
111111111111111011000010010001101
111111111111111011000010010000110
111111111111111011000010010000111
111111111111111011000010010010000
111111111111111011000010010000111
111111111111111011000010010010100
111111111111111011000010010010111
111111111111111011000010010010000
111111111111111000000010011000010
111111111111111000000010010111011
111111111111111000000010011000010
111111111111111000000010011000101
111111111111111000000010010110101
111111111111111000000010011001011
111111111111111000000010011001011
111111111111111000000010011000001
000000000000001001000100100010101
000000000000001001000100100010101
000000000000001001000100100001001
000000000000001001000100100000001
000000000000001001000100100000110
000000000000001001000100100000110
000000000000001001000100100000101
000000000000001001000100100001011
000000000000000111100110110010111
000000000000000111100110110010010
000000000000000111100110110010111
000000000000000111100110110011011
000000000000000111100110110010111
000000000000000111100110110011100
000000000000000111100110110100011
000000000000000111100110110011000
000000000000000111101110110100110
000000000000000111101110110100100
000000000000000111101110110011011
000000000000000111101110110100111
000000000000000111101110110011011
000000000000000111101110110100010
000000000000000111101110110100101
000000000000000111101110110100110
111111111111111101111111011101100
111111111111111101111111011110000
111111111111111101111111011100011
111111111111111101111111011100101
111111111111111101111111011110000
111111111111111101111111011101100
111111111111111101111111011110010
111111111111111101111111011110001
000000000000000111111000010110111
000000000000000111111000010111111
000000000000000111111000010111110
000000000000000111111000010110101
000000000000000111111000011000001
000000000000000111111000010110011
000000000000000111111000010101110
000000000000000111111000010110001
111111111111111000111100110010101
111111111111111000111100110010101
111111111111111000111100110011010
111111111111111000111100110001110
111111111111111000111100110010101
111111111111111000111100110011110
111111111111111000111100110010011
111111111111111000111100110010101
111111111111111000110000001100000
111111111111111000110000001100100
111111111111111000110000001100010
111111111111111000110000001101100
111111111111111000110000001100110
111111111111111000110000001101001
111111111111111000110000001110000
111111111111111000110000001101101
000000000000000001100011111110110
000000000000000001100011111101111
000000000000000001100011111110001
000000000000000001100011111110111
000000000000000001100011111101110
000000000000000001100011111101101
000000000000000001100011111110000
000000000000000001100011111101110
111111111111111011111010000100111
111111111111111011111010000100010
111111111111111011111010000100001
111111111111111011111010000101000
111111111111111011111010000011011
111111111111111011111010000100100
111111111111111011111010000101001
111111111111111011111010000101000
111111111111111011101101010100101
111111111111111011101101010100100
111111111111111011101101010100110
111111111111111011101101010101111
111111111111111011101101010110011
111111111111111011101101010110000
111111111111111011101101010111011
111111111111111011101101010110001
000000000000000011101001010011110
000000000000000011101001010011111
000000000000000011101001010100001
000000000000000011101001010010111
000000000000000011101001010110010
000000000000000011101001010011111
000000000000000011101001010100011
000000000000000011101001010011100
000000000000000110001000100001110
000000000000000110001000011111011
000000000000000110001000011111000
000000000000000110001000011111110
000000000000000110001000011111100
000000000000000110001000100001101
000000000000000110001000100001001
000000000000000110001000100001101
111111111111111010100001101001011
111111111111111010100001101011100
111111111111111010100001101010001
111111111111111010100001101001011
111111111111111010100001101010010
111111111111111010100001101001101
111111111111111010100001101001110
111111111111111010100001101001110
000000000000000100001100001000111
000000000000000100001100001001101
000000000000000100001100001001111
000000000000000100001100001001101
000000000000000100001100001001011
000000000000000100001100001001011
000000000000000100001100001001111
000000000000000100001100001001001
000000000000000101111110011111000
000000000000000101111110100000101
000000000000000101111110100000010
000000000000000101111110011111100
000000000000000101111110100000100
000000000000000101111110011110100
000000000000000101111110011110011
000000000000000101111110011111111
000000000000000101011001010011100
000000000000000101011001010100001
000000000000000101011001010100000
000000000000000101011001010100110
000000000000000101011001010101011
000000000000000101011001010100101
000000000000000101011001010100110
000000000000000101011001010100110
111111111111111001010001100001000
111111111111111001010001100000111
111111111111111001010001011111111
111111111111111001010001011111110
111111111111111001010001100010001
111111111111111001010001100000010
111111111111111001010001100001000
111111111111111001010001100000110
111111111111111010001110101001110
111111111111111010001110101001100
111111111111111010001110101000111
111111111111111010001110101001100
111111111111111010001110101010110
111111111111111010001110101001100
111111111111111010001110101001001
111111111111111010001110101011100
000000000000000100011001111111000
000000000000000100011001111110110
000000000000000100011001111110001
000000000000000100011001111101011
000000000000000100011001111111001
000000000000000100011001111110110
000000000000000100011001111111101
000000000000000100011001111111000
111111111111111101001011110111101
111111111111111101001011111000001
111111111111111101001011111000110
111111111111111101001011111001010
111111111111111101001011111000111
111111111111111101001011110111111
111111111111111101001011110111101
111111111111111101001011110111100
000000000000000110001010100000000
000000000000000110001010100000001
000000000000000110001010100000101
000000000000000110001010100000011
000000000000000110001010011110110
000000000000000110001010011111011
000000000000000110001010011111001
000000000000000110001010100000001
000000000000000101011010111011011
000000000000000101011010111000110
000000000000000101011010111010101
000000000000000101011010111011000
000000000000000101011010111010010
000000000000000101011010111011001
000000000000000101011010111011000
000000000000000101011010111010011
111111111111111101001111111110010
111111111111111101001111111110101
111111111111111101001111111110011
111111111111111101001111111101001
111111111111111101001111111100111
111111111111111101001111111101000
111111111111111101001111111101010
111111111111111101001111111100111
000000000000000110001001101100101
000000000000000110001001101011010
000000000000000110001001101011110
000000000000000110001001101011011
000000000000000110001001101010100
000000000000000110001001101100110
000000000000000110001001101100011
000000000000000110001001101100001
000000000000000010110100000001011
000000000000000010110100000010111
000000000000000010110100000001011
000000000000000010110100000010000
000000000000000010110100000000001
000000000000000010110100000001101
000000000000000010110100000010010
000000000000000010110100000010101
000000000000000111010100001101001
000000000000000111010100001100010
000000000000000111010100001100000
000000000000000111010100001100010
000000000000000111010100001010011
000000000000000111010100001100011
000000000000000111010100001011100
000000000000000111010100001100010
000000000000000100010110110001110
000000000000000100010110110001111
000000000000000100010110110010010
000000000000000100010110110011001
000000000000000100010110110010011
000000000000000100010110110001011
000000000000000100010110110001111
000000000000000100010110110010110
000000000000000000100101011000100
000000000000000000100101011000100
000000000000000000100101011001000
000000000000000000100101011001010
000000000000000000100101011010101
000000000000000000100101011001001
000000000000000000100101011000110
000000000000000000100101011001000
111111111111111010100110010001001
111111111111111010100110010000000
111111111111111010100110001111000
111111111111111010100110001111011
111111111111111010100110001110001
111111111111111010100110001111000
111111111111111010100110001111001
111111111111111010100110001110101
000000000000000000100110010111001
000000000000000000100110011000000
000000000000000000100110011000001
000000000000000000100110011000000
000000000000000000100110010111100
000000000000000000100110011001011
000000000000000000100110011001011
000000000000000000100110010111110
000000000000000110010010111100111
000000000000000110010010111100011
000000000000000110010010111100001
000000000000000110010010111011101
000000000000000110010010111100111
000000000000000110010010111100010
000000000000000110010010111011111
000000000000000110010010111100110
111111111111111000000000100011111
111111111111111000000000100100110
111111111111111000000000100100001
111111111111111000000000100011010
111111111111111000000000100011011
111111111111111000000000100011110
111111111111111000000000100010110
111111111111111000000000100011000
000000000000000011101100100010001
000000000000000011101100100010010
000000000000000011101100100011110
000000000000000011101100100010100
000000000000000011101100100010101
000000000000000011101100100001100
000000000000000011101100100000100
000000000000000011101100100001101
000000000000000011101000100110001
000000000000000011101000100100001
000000000000000011101000100100010
000000000000000011101000100100010
000000000000000011101000100010110
000000000000000011101000100100101
000000000000000011101000100100110
000000000000000011101000100101000
000000000000001000000011110101110
000000000000001000000011110110110
000000000000001000000011110111010
000000000000001000000011110101111
000000000000001000000011110111011
000000000000001000000011110111000
000000000000001000000011110111100
000000000000001000000011110101111
000000000000000110110000100000011
000000000000000110110000100000101
000000000000000110110000100001100
000000000000000110110000100000110
000000000000000110110000100000101
000000000000000110110000100001111
000000000000000110110000100000111
000000000000000110110000100000100
111111111111110110111000000000000
111111111111110110111000000000110
111111111111110110110111111111100
111111111111110110111000000000011
111111111111110110111000000000100
111111111111110110111000000000101
111111111111110110111000000001001
111111111111110110111000000001101
000000000000000011000111011011011
000000000000000011000111011100000
000000000000000011000111011010110
000000000000000011000111011010100
000000000000000011000111011011010
000000000000000011000111011010100
000000000000000011000111011001011
000000000000000011000111011011100
000000000000000011101000100111111
000000000000000011101000101000000
000000000000000011101000100111110
000000000000000011101000100110111
000000000000000011101000100111101
000000000000000011101000100111110
000000000000000011101000100111000
000000000000000011101000100111101
111111111111111000110001001010001
111111111111111000110001001010000
111111111111111000110001001010000
111111111111111000110001001010011
111111111111111000110001001001010
111111111111111000110001001000011
111111111111111000110001001001010
111111111111111000110001001001110
000000000000001001000000010001101
000000000000001001000000010001100
000000000000001001000000010001010
000000000000001001000000010001001
000000000000001001000000001111111
000000000000001001000000010000010
000000000000001001000000010001000
000000000000001001000000010000001
000000000000000100100000101001100
000000000000000100100000101010001
000000000000000100100000101001110
000000000000000100100000101010001
000000000000000100100000101001111
000000000000000100100000101001000
000000000000000100100000101001111
000000000000000100100000101001111
111111111111111110110101001000100
111111111111111110110101000111111
111111111111111110110101001000011
111111111111111110110101001001101
111111111111111110110101001001110
111111111111111110110101001010111
111111111111111110110101001011001
111111111111111110110101001011000
000000000000000001100101000111100
000000000000000001100101000111101
000000000000000001100101001000110
000000000000000001100101000111101
000000000000000001100101000111011
000000000000000001100101001000101
000000000000000001100101001000001
000000000000000001100101000111111
000000000000000001000100111110011
000000000000000001000100111111001
000000000000000001000101000000010
000000000000000001000100111111010
000000000000000001000100111110111
000000000000000001000100111110101
000000000000000001000100111110100
000000000000000001000100111110100
111111111111111111000101001011000
111111111111111111000101001010100
111111111111111111000101001010100
111111111111111111000101001010111
111111111111111111000101001010001
111111111111111111000101001010010
111111111111111111000101001001111
111111111111111111000101001010110
000000000000000011110101111111001
000000000000000011110101111111000
000000000000000011110101111101111
000000000000000011110101111111000
000000000000000011110101111111110
000000000000000011110101111111001
000000000000000011110101111110111
000000000000000011110110000001001
000000000000000000111111101101000
000000000000000000111111101110001
000000000000000000111111101110001
000000000000000000111111101101010
000000000000000000111111101101111
000000000000000000111111101110101
000000000000000000111111101101110
000000000000000000111111101101110
000000000000000000001010101100000
000000000000000000001010101001110
000000000000000000001010101010010
000000000000000000001010101100001
000000000000000000001010101100010
000000000000000000001010101100010
000000000000000000001010101101010
000000000000000000001010101101000
111111111111111010111001010110101
111111111111111010111001010101011
111111111111111010111001010101011
111111111111111010111001010110011
111111111111111010111001010110001
111111111111111010111001010100101
111111111111111010111001010100010
111111111111111010111001010110011
111111111111111001111010000010101
111111111111111001111010000011100
111111111111111001111010000011001
111111111111111001111010000011010
111111111111111001111010000100110
111111111111111001111010000100010
111111111111111001111010000101010
111111111111111001111010000100010
111111111111111101111001001000001
111111111111111101111001001001111
111111111111111101111001001001101
111111111111111101111001001001010
111111111111111101111001001000000
111111111111111101111001001000010
111111111111111101111001001000001
111111111111111101111001001000000
000000000000001000000101111001010
000000000000001000000101111000110
000000000000001000000101111000110
000000000000001000000101111000100
000000000000001000000101111000111
000000000000001000000101111000011
000000000000001000000101111000111
000000000000001000000101111000110
111111111111111011010110011101000
111111111111111011010110011101000
111111111111111011010110011101101
111111111111111011010110011101000
111111111111111011010110011100010
111111111111111011010110011101000
111111111111111011010110011011110
111111111111111011010110011100010
000000000000000001101110010110110
000000000000000001101110010110110
000000000000000001101110010111000
000000000000000001101110011000010
000000000000000001101110010111010
000000000000000001101110010111011
000000000000000001101110011000101
000000000000000001101110010111001
111111111111111001111010101011001
111111111111111001111010101011101
111111111111111001111010101011011
111111111111111001111010101001111
111111111111111001111010101100111
111111111111111001111010101100000
111111111111111001111010101011100
111111111111111001111010101100001
111111111111111111000000011001001
111111111111111111000000011000111
111111111111111111000000011001110
111111111111111111000000011010010
111111111111111111000000011010100
111111111111111111000000011010100
111111111111111111000000011010011
111111111111111111000000011011000
000000000000000100000001001100101
000000000000000100000001001101001
000000000000000100000001001101110
000000000000000100000001001100010
000000000000000100000001001101100
000000000000000100000001001100110
000000000000000100000001001011111
000000000000000100000001001100111
111111111111111111010111010100110
111111111111111111010111010110011
111111111111111111010111010110101
111111111111111111010111010101101
111111111111111111010111010101100
111111111111111111010111010100100
111111111111111111010111010101110
111111111111111111010111010011110
111111111111111100101110000111010
111111111111111100101110000101001
111111111111111100101110000110010
111111111111111100101110000110011
111111111111111100101110000110000
111111111111111100101110000111000
111111111111111100101110000111001
111111111111111100101110000111011
111111111111111000110011111000001
111111111111111000110011111000000
111111111111111000110011111001001
111111111111111000110011111000111
111111111111111000110011111001001
111111111111111000110011111000011
111111111111111000110011111000000
111111111111111000110011110111110
111111111111111100100110001001110
111111111111111100100110001010011
111111111111111100100110001010010
111111111111111100100110001010001
111111111111111100100110001010011
111111111111111100100110001010000
111111111111111100100110001010101
111111111111111100100110001010100
111111111111111100100001101101001
111111111111111100100001101011010
111111111111111100100001101011111
111111111111111100100001101011111
111111111111111100100001101101011
111111111111111100100001101100011
111111111111111100100001101100101
111111111111111100100001101101001
000000000000000011101010011010010
000000000000000011101010011001011
000000000000000011101010011000001
000000000000000011101010011001011
000000000000000011101010011001000
000000000000000011101010011000110
000000000000000011101010011010010
000000000000000011101010011001101
000000000000000010001111100011110
000000000000000010001111100001111
000000000000000010001111100011011
000000000000000010001111100011100
000000000000000010001111100010110
000000000000000010001111100100100
000000000000000010001111100100000
000000000000000010001111100011100
000000000000000000101001100110011
000000000000000000101001100101000
000000000000000000101001100111000
000000000000000000101001100110100
000000000000000000101001100110111
000000000000000000101001100111001
000000000000000000101001100111001
000000000000000000101001100100111
111111111111111000000010001101110
111111111111111000000010001101100
111111111111111000000010001100110
111111111111111000000010001100011
111111111111111000000010001110110
111111111111111000000010001100011
111111111111111000000010001100000
111111111111111000000010001100111
000000000000000100001111001010101
000000000000000100001111001001111
000000000000000100001111001010010
000000000000000100001111001010001
000000000000000100001111001010110
000000000000000100001111001011101
000000000000000100001111001011010
000000000000000100001111001100010
000000000000000100111110000110001
000000000000000100111110000110010
000000000000000100111110000111011
000000000000000100111110001000000
000000000000000100111110000111110
000000000000000100111110001000010
000000000000000100111110001000110
000000000000000100111110000111111
000000000000000000001000000010001
000000000000000000001000000011110
000000000000000000001000000011010
000000000000000000001000000011100
000000000000000000001000000011010
000000000000000000001000000010100
000000000000000000001000000011011
000000000000000000001000000010101
000000000000000111001001101100110
000000000000000111001001101101100
000000000000000111001001101101101
000000000000000111001001101101100
000000000000000111001001101101000
000000000000000111001001101100011
000000000000000111001001101100011
000000000000000111001001101100001
111111111111111010011000010101001
111111111111111010011000010101101
111111111111111010011000010101010
111111111111111010011000010110000
111111111111111010011000010101101
111111111111111010011000010100100
111111111111111010011000010101101
111111111111111010011000010101011
111111111111111010100101000001001
111111111111111010100101000001000
111111111111111010100101000000101
111111111111111010100101000000010
111111111111111010100101000010001
111111111111111010100101000001110
111111111111111010100101000010010
111111111111111010100101000001100
000000000000000010110000111100100
000000000000000010110000111101000
000000000000000010110000111011111
000000000000000010110000111100011
000000000000000010110000111101100
000000000000000010110000111100001
000000000000000010110000111101001
000000000000000010110000111101010
000000000000000010101111101001000
000000000000000010101111101000101
000000000000000010101111101001001
000000000000000010101111101000011
000000000000000010101111101001101
000000000000000010101111101010100
000000000000000010101111101010000
000000000000000010101111101001100
000000000000000101100011101010011
000000000000000101100011101010110
000000000000000101100011101011000
000000000000000101100011101011110
000000000000000101100011101010110
000000000000000101100011101010100
000000000000000101100011101011011
000000000000000101100011101010110
000000000000000111111100000011000
000000000000000111111100000001111
000000000000000111111100000011000
000000000000000111111100000011011
000000000000000111111100000010110
000000000000000111111100000010001
000000000000000111111100000010010
000000000000000111111100000001110
111111111111111100011001001100111
111111111111111100011001001011111
111111111111111100011001001010111
111111111111111100011001001011011
111111111111111100011001001010101
111111111111111100011001001100010
111111111111111100011001001100001
111111111111111100011001001100101
111111111111111110000101001000110
111111111111111110000101001000101
111111111111111110000101000111101
111111111111111110000101001001011
111111111111111110000101000111100
111111111111111110000101001000111
111111111111111110000101001000111
111111111111111110000101001001001
111111111111111100101000110111001
111111111111111100101000110110000
111111111111111100101000110101010
111111111111111100101000110111110
111111111111111100101000110101001
111111111111111100101000110101000
111111111111111100101000110110101
111111111111111100101000110110000
000000000000000110100011011000110
000000000000000110100011010111011
000000000000000110100011011000010
000000000000000110100011011000011
000000000000000110100011010101111
000000000000000110100011011001101
000000000000000110100011011001100
000000000000000110100011010111110
000000000000000110011111110011111
000000000000000110011111110100101
000000000000000110011111110100001
000000000000000110011111110010001
000000000000000110011111110011010
000000000000000110011111110011100
000000000000000110011111110010001
000000000000000110011111110011011
111111111111111011100111000100000
111111111111111011100111000100001
111111111111111011100111000100101
111111111111111011100111000011010
111111111111111011100111000011110
111111111111111011100111000100111
111111111111111011100111000100100
111111111111111011100111000011111
000000000000000011001111011101011
000000000000000011001111011011111
000000000000000011001111011100001
000000000000000011001111011101000
000000000000000011001111011100100
000000000000000011001111011100101
000000000000000011001111011101001
000000000000000011001111011101011
111111111111111001001001001110100
111111111111111001001001001100111
111111111111111001001001001100001
111111111111111001001001001100101
111111111111111001001001001101100
111111111111111001001001001101101
111111111111111001001001001110000
111111111111111001001001001101010
111111111111111100001000111010110
111111111111111100001000111010000
111111111111111100001000111011100
111111111111111100001000111011101
111111111111111100001000111100010
111111111111111100001000111011000
111111111111111100001000111011010
111111111111111100001000111011010
111111111111111111001111111110111
111111111111111111001111111111011
111111111111111111001111111111101
111111111111111111001111111101111
111111111111111111001111111110000
111111111111111111001111111111001
111111111111111111001111111110110
111111111111111111001111111110001
000000000000000100111010000010001
000000000000000100111010000010101
000000000000000100111010000010101
000000000000000100111010000010100
000000000000000100111010000010101
000000000000000100111010000011000
000000000000000100111010000011010
000000000000000100111010000010100
111111111111111010000110110110011
111111111111111010000110110110000
111111111111111010000110110110001
111111111111111010000110110101010
111111111111111010000110110101000
111111111111111010000110110101011
111111111111111010000110110100111
111111111111111010000110110101011
000000000000001000000100010101100
000000000000001000000100010101101
000000000000001000000100010110101
000000000000001000000100010110100
000000000000001000000100010110111
000000000000001000000100010110001
000000000000001000000100010101101
000000000000001000000100010110010
111111111111111001110100000101111
111111111111111001110100000101001
111111111111111001110100000110011
111111111111111001110100000101111
111111111111111001110100000110011
111111111111111001110100000101000
111111111111111001110100000100010
111111111111111001110100000101011
000000000000000101011011000111101
000000000000000101011011000111010
000000000000000101011011000111100
000000000000000101011011000111010
000000000000000101011011000110010
000000000000000101011011000111010
000000000000000101011011000110101
000000000000000101011011000110100
All outputs match expected results. Test PASSED.
