111111111111111111101000011110100
111111111111111111101000011110001
111111111111111111101000011110001
111111111111111111101000011110011
111111111111111111101000011110011
111111111111111111101000011110100
111111111111111111101000011110001
111111111111111111101000011110011
000000000000000000000101110110011
000000000000000000000101110110011
000000000000000000000101110110011
000000000000000000000101110110010
000000000000000000000101110110100
000000000000000000000101110110010
000000000000000000000101110110011
000000000000000000000101110110001
111111111111111111111000011011100
111111111111111111111000011011011
111111111111111111111000011011011
111111111111111111111000011011011
111111111111111111111000011011100
111111111111111111111000011011011
111111111111111111111000011011001
111111111111111111111000011011011
111111111111111111101000110010111
111111111111111111101000110010111
111111111111111111101000110011000
111111111111111111101000110010110
111111111111111111101000110011000
111111111111111111101000110011010
111111111111111111101000110010101
111111111111111111101000110010111
111111111111111111101010010101010
111111111111111111101010010101001
111111111111111111101010010101001
111111111111111111101010010101010
111111111111111111101010010101010
111111111111111111101010010101001
111111111111111111101010010100101
111111111111111111101010010100111
111111111111111111110001101101010
111111111111111111110001101101100
111111111111111111110001101101010
111111111111111111110001101101011
111111111111111111110001101101101
111111111111111111110001101101011
111111111111111111110001101101001
111111111111111111110001101101010
000000000000000000010001011110011
000000000000000000010001011110010
000000000000000000010001011110101
000000000000000000010001011110001
000000000000000000010001011110101
000000000000000000010001011110011
000000000000000000010001011110011
000000000000000000010001011110100
111111111111111111111011101101100
111111111111111111111011101101110
111111111111111111111011101101111
111111111111111111111011101101110
111111111111111111111011101101101
111111111111111111111011101101011
111111111111111111111011101101100
111111111111111111111011101101101
000000000000000000000110111111100
000000000000000000000110111111100
000000000000000000000110111111010
000000000000000000000110111111011
000000000000000000000110111111100
000000000000000000000110111111011
000000000000000000000110111111010
000000000000000000000110111111011
111111111111111111110100100110100
111111111111111111110100100110101
111111111111111111110100100110110
111111111111111111110100100110101
111111111111111111110100100110101
111111111111111111110100100110101
111111111111111111110100100110011
111111111111111111110100100110100
000000000000000000000000100111110
000000000000000000000000100111110
000000000000000000000000100111100
000000000000000000000000100111111
000000000000000000000000100111100
000000000000000000000000100111111
000000000000000000000000100111101
000000000000000000000000100111101
000000000000000000011010000010010
000000000000000000011010000010011
000000000000000000011010000010010
000000000000000000011010000010010
000000000000000000011010000010001
000000000000000000011010000010010
000000000000000000011010000010001
000000000000000000011010000010010
111111111111111111111110011011011
111111111111111111111110011011001
111111111111111111111110011011011
111111111111111111111110011011011
111111111111111111111110011011101
111111111111111111111110011011011
111111111111111111111110011011001
111111111111111111111110011011001
111111111111111111111000111010101
111111111111111111111000111010100
111111111111111111111000111010100
111111111111111111111000111010101
111111111111111111111000111010100
111111111111111111111000111010110
111111111111111111111000111010010
111111111111111111111000111010101
111111111111111111110000011011100
111111111111111111110000011011100
111111111111111111110000011011011
111111111111111111110000011011011
111111111111111111110000011011010
111111111111111111110000011011001
111111111111111111110000011011010
111111111111111111110000011011100
000000000000000000011010110111110
000000000000000000011010110111101
000000000000000000011010110111101
000000000000000000011010111000001
000000000000000000011010110111110
000000000000000000011010110111111
000000000000000000011010110111101
000000000000000000011010111000000
All outputs match expected results. Test PASSED.
