111111111111000010010111100101100
111111111111000010010111100001100
111111111111000010010111010100000
111111111111000010010111100011010
111111111111000010010111101010001
111111111111000010010111011011010
111111111111000010010111100001001
111111111111000010010111101001110
000000000010010111000110000010111
000000000010010111000101111010011
000000000010010111000110001001110
000000000010010111000110000100011
000000000010010111000110000110001
000000000010010111000110000110111
000000000010010111000110001010110
000000000010010111000110001011111
000000000000110011001010110010111
000000000000110011001010110111000
000000000000110011001010100110101
000000000000110011001010101110110
000000000000110011001010101011011
000000000000110011001010110010101
000000000000110011001010100110111
000000000000110011001010110110101
000000000010001001100000000111100
000000000010001001100000010100010
000000000010001001100000011101111
000000000010001001100000010010011
000000000010001001100000010011000
000000000010001001100000010100110
000000000010001001100000011011000
000000000010001001100000011000000
111111111101100110110001001010011
111111111101100110110001001000010
111111111101100110110000111110111
111111111101100110110001001101011
111111111101100110110000111110010
111111111101100110110001000011101
111111111101100110110001001111000
111111111101100110110001001101000
000000000000000101010100101011000
000000000000000101010100100111101
000000000000000101010100101000011
000000000000000101010100111000000
000000000000000101010100101011000
000000000000000101010100110000110
000000000000000101010101000010100
000000000000000101010100110011000
000000000010001011101101000011001
000000000010001011101101000000011
000000000010001011101100110010101
000000000010001011101101000101011
000000000010001011101100110001111
000000000010001011101100111001000
000000000010001011101101000011011
000000000010001011101101001001011
111111111110010000001100100000011
111111111110010000001100101000011
111111111110010000001100100111000
111111111110010000001100100111100
111111111110010000001100011011010
111111111110010000001100100010001
111111111110010000001100100101001
111111111110010000001100011001000
All outputs match expected results. Test PASSED.
