000000000000000000000000001010101
000000000000000000000000001010101
000000000000000000000000001010101
000000000000000000000000001010101
000000000000000000000000001010101
000000000000000000000000001010101
000000000000000000000000001010101
000000000000000000000000001010101
000000000000000000000000001010101
000000000000000000000000001010101
000000000000000000000000001010101
000000000000000000000000001010101
000000000000000000000000001010101
000000000000000000000000001010101
000000000000000000000000001010101
000000000000000000000000001010101
000000000000000000000000001010101
000000000000000000000000001010101
000000000000000000000000001010101
000000000000000000000000001010101
000000000000000000000000001010101
000000000000000000000000001010101
000000000000000000000000001010101
000000000000000000000000001010101
000000000000000000000000001010101
000000000000000000000000001010101
000000000000000000000000001010101
000000000000000000000000001010101
000000000000000000000000001010101
000000000000000000000000001010101
000000000000000000000000001010101
000000000000000000000000001010101
000000000000000000000000001010101
000000000000000000000000001010101
000000000000000000000000001010101
000000000000000000000000001010101
000000000000000000000000001010101
000000000000000000000000001010101
000000000000000000000000001010101
000000000000000000000000001010101
000000000000000000000000001010101
000000000000000000000000001010101
000000000000000000000000001010101
000000000000000000000000001010101
000000000000000000000000001010101
000000000000000000000000001010101
000000000000000000000000001010101
000000000000000000000000001010101
000000000000000000000000001010101
000000000000000000000000001010101
000000000000000000000000001010101
000000000000000000000000001010101
000000000000000000000000001010101
000000000000000000000000001010101
000000000000000000000000001010101
000000000000000000000000001010101
000000000000000000000000001010101
000000000000000000000000001010101
000000000000000000000000001010101
000000000000000000000000001010101
000000000000000000000000001010101
000000000000000000000000001010101
000000000000000000000000001010101
000000000000000000000000001010101
000000000000000000000000001010101
000000000000000000000000001010101
000000000000000000000000001010101
000000000000000000000000001010101
000000000000000000000000001010101
000000000000000000000000001010101
000000000000000000000000001010101
000000000000000000000000001010101
000000000000000000000000001010101
000000000000000000000000001010101
000000000000000000000000001010101
000000000000000000000000001010101
000000000000000000000000001010101
000000000000000000000000001010101
000000000000000000000000001010101
000000000000000000000000001010101
000000000000000000000000001010101
000000000000000000000000001010101
000000000000000000000000001010101
000000000000000000000000001010101
000000000000000000000000001010101
000000000000000000000000001010101
000000000000000000000000001010101
000000000000000000000000001010101
000000000000000000000000001010101
000000000000000000000000001010101
000000000000000000000000001010101
000000000000000000000000001010101
000000000000000000000000001010101
000000000000000000000000001010101
000000000000000000000000001010101
000000000000000000000000001010101
000000000000000000000000001010101
000000000000000000000000001010101
000000000000000000000000001010101
000000000000000000000000001010101
000000000000000000000000001010101
000000000000000000000000001010101
000000000000000000000000001010101
000000000000000000000000001010101
000000000000000000000000001010101
000000000000000000000000001010101
000000000000000000000000001010101
000000000000000000000000001010101
000000000000000000000000001010101
000000000000000000000000001010101
000000000000000000000000001010101
000000000000000000000000001010101
000000000000000000000000001010101
000000000000000000000000001010101
000000000000000000000000001010101
000000000000000000000000001010101
000000000000000000000000001010101
000000000000000000000000001010101
000000000000000000000000001010101
000000000000000000000000001010101
000000000000000000000000001010101
000000000000000000000000001010101
000000000000000000000000001010101
000000000000000000000000001010101
000000000000000000000000001010101
000000000000000000000000001010101
000000000000000000000000001010101
000000000000000000000000001010101
All outputs match expected results. Test PASSED.
