000000000000000000000001001011110
000000000000000000000001001011110
000000000000000000000001001011110
000000000000000000000001001011110
000000000000000000000001001011110
000000000000000000000001001011110
000000000000000000000001001011110
000000000000000000000001001011110
000000000000000000000000110001110
000000000000000000000000110001110
000000000000000000000000110001110
000000000000000000000000110001110
000000000000000000000000110001110
000000000000000000000000110001110
000000000000000000000000110001110
000000000000000000000000110001110
000000000000000000000000011000010
000000000000000000000000011000010
000000000000000000000000011000010
000000000000000000000000011000010
000000000000000000000000011000010
000000000000000000000000011000010
000000000000000000000000011000010
000000000000000000000000011000010
000000000000000000000000000000001
000000000000000000000000000000001
000000000000000000000000000000001
000000000000000000000000000000001
000000000000000000000000000000001
000000000000000000000000000000001
000000000000000000000000000000001
000000000000000000000000000000001
111111111111111111111111111000011
111111111111111111111111111000011
111111111111111111111111111000100
111111111111111111111111111000011
111111111111111111111111111000100
111111111111111111111111111000100
111111111111111111111111111000100
111111111111111111111111111000100
111111111111111111111111110110010
111111111111111111111111110110010
111111111111111111111111110110010
111111111111111111111111110110010
111111111111111111111111110110010
111111111111111111111111110110010
111111111111111111111111110110010
111111111111111111111111110110011
111111111111111111111111101101111
111111111111111111111111101101111
111111111111111111111111101101111
111111111111111111111111101101111
111111111111111111111111101101111
111111111111111111111111101101111
111111111111111111111111101101111
111111111111111111111111101101111
111111111111111111111111101110011
111111111111111111111111101110011
111111111111111111111111101110011
111111111111111111111111101110011
111111111111111111111111101110011
111111111111111111111111101110011
111111111111111111111111101110011
111111111111111111111111101110011
All outputs match expected results. Test PASSED.
