000000000000000100001101010011100
000000000000000100001101010001010
000000000000000100001101010011001
000000000000000100001101010001110
000000000000000100001101010010000
000000000000000100001101010010101
000000000000000100001101010010110
000000000000000100001101010010100
111111111111111010010111100001001
111111111111111010010111100000010
111111111111111010010111100000011
111111111111111010010111100000110
111111111111111010010111100000101
111111111111111010010111100001000
111111111111111010010111100000110
111111111111111010010111100000110
000000000000000000100111111111011
000000000000000000100111111110000
000000000000000000100111111110101
000000000000000000100111111110101
000000000000000000100111111110000
000000000000000000100111111110111
000000000000000000100111111110101
000000000000000000100111111111010
000000000000000011101100011101010
000000000000000011101100011100000
000000000000000011101100011100100
000000000000000011101100011100011
000000000000000011101100011100111
000000000000000011101100011101000
000000000000000011101100011100111
000000000000000011101100011100000
111111111111111010100110000111001
111111111111111010100110000110000
111111111111111010100110000110011
111111111111111010100110000110101
111111111111111010100110000110011
111111111111111010100110000110111
111111111111111010100110000110101
111111111111111010100110000111000
111111111111111111011111010011000
111111111111111111011111010000101
111111111111111111011111010010100
111111111111111111011111010001101
111111111111111111011111010001111
111111111111111111011111010010010
111111111111111111011111010010011
111111111111111111011111010010001
000000000000000100110011100010111
000000000000000100110011100001011
000000000000000100110011100010010
000000000000000100110011100010010
000000000000000100110011100010001
000000000000000100110011100010010
000000000000000100110011100010110
000000000000000100110011100010101
000000000000000100111000101100011
000000000000000100111000101010010
000000000000000100111000101100000
000000000000000100111000101011010
000000000000000100111000101011011
000000000000000100111000101011110
000000000000000100111000101011110
000000000000000100111000101011100
