000000000000000000000000011100000
000000000000000000000000011100000
000000000000000000000000011100000
000000000000000000000000011100000
000000000000000000000000011100000
000000000000000000000000011100000
000000000000000000000000011100000
000000000000000000000000011100000
000000000000000000000000011010100
000000000000000000000000011010100
000000000000000000000000011010100
000000000000000000000000011010100
000000000000000000000000011010100
000000000000000000000000011010100
000000000000000000000000011010100
000000000000000000000000011010100
000000000000000000000000011011010
000000000000000000000000011011010
000000000000000000000000011011010
000000000000000000000000011011010
000000000000000000000000011011010
000000000000000000000000011011010
000000000000000000000000011011010
000000000000000000000000011011010
000000000000000000000000010111111
000000000000000000000000010111111
000000000000000000000000010111111
000000000000000000000000010111111
000000000000000000000000010111111
000000000000000000000000010111111
000000000000000000000000010111111
000000000000000000000000010111111
000000000000000000000000011101010
000000000000000000000000011101010
000000000000000000000000011101010
000000000000000000000000011101010
000000000000000000000000011101010
000000000000000000000000011101010
000000000000000000000000011101010
000000000000000000000000011101010
000000000000000000000000011101000
000000000000000000000000011101000
000000000000000000000000011101000
000000000000000000000000011101000
000000000000000000000000011101000
000000000000000000000000011101000
000000000000000000000000011101000
000000000000000000000000011101000
000000000000000000000000010111000
000000000000000000000000010111000
000000000000000000000000010111000
000000000000000000000000010111000
000000000000000000000000010111000
000000000000000000000000010111000
000000000000000000000000010111000
000000000000000000000000010111000
000000000000000000000000011001010
000000000000000000000000011001010
000000000000000000000000011001010
000000000000000000000000011001010
000000000000000000000000011001010
000000000000000000000000011001010
000000000000000000000000011001010
000000000000000000000000011001010
All outputs match expected results. Test PASSED.
