000000001011101100111010001111011
000000001011101100110101101101100
000000001011101100111011000100011
000000001011101101000001001110011
000000001011101101000111111001001
000000001011101101001001111000011
000000001011101101000011001010110
000000001011101101001110010011000
000000000000111111000010110001001
000000000000111111000010110011000
000000000000111111000011010000011
000000000000111111010010000001000
000000000000111111000110111011011
000000000000111111001101100010101
000000000000111111001001010100110
000000000000111111010100111101010
000000001010110100000110100111000
000000001010110100011011001011010
000000001010110100011001010000011
000000001010110100001110100001010
000000001010110100001111110100100
000000001010110100001111100100000
000000001010110100011010111101100
000000001010110100010101011100011
111111110011101001000001101100101
111111110011101001001001000101110
111111110011101000111111000000000
111111110011101001000100100101100
111111110011101001000011001101110
111111110011101001000011011100110
111111110011101001010110010111110
111111110011101000111100000110100
000000000111101100001001101011111
000000000111101100010000010000100
000000000111101100000110000010001
000000000111101100000001111110011
000000000111101100001000101001100
000000000111101100001010110010000
000000000111101100000111010111111
000000000111101100001100100010110
000000000101000000000110000000101
000000000100111111111011100110001
000000000101000000000011010010000
000000000100111111111110111110100
000000000100111111110100010001110
000000000100111111110101001101001
000000000100111111111010001001111
000000000100111111100110101110100
000000000101100001101011001011011
000000000101100001101101100001001
000000000101100001101111010010101
000000000101100001111111100100101
000000000101100001111101110010101
000000000101100001110101100100010
000000000101100001101000111010001
000000000101100001101111010000110
000000001010000010010011111100010
000000001010000010011000001110000
000000001010000010011100101011010
000000001010000010010001101100001
000000001010000010100111010011111
000000001010000010100111101000011
000000001010000010100110100110011
000000001010000010011011010100001
All outputs match expected results. Test PASSED.
